Monte Carlo Generation for example 5.7
Request 500  Mkaon= 497.7,low cut= 10, hi cut= 40, tau-K= 8.94e-011
1     4.077      2047      13.33      0.7498
2     5.486      2010      21.6      1.331
3     4.669      2090      28.01      1.853
4     4.823      2017      23.1      1.503
5     4.691      2167      28.56      1.828
6     4.812      1992      22.14      1.443
7     4.923      1942      12.79      0.6717
8     4.441      1905      15.06      0.925
9     5.189      2062      30.52      2.038
10     4.59      1924      26.82      1.917
11     4.581      1930      15.86      0.97
12     5.36      2007      12.32      0.5752
13     5.208      2066      11.13      0.4752
14     3.951      1891      15.26      0.9923
15     5.384      1895      18.05      1.109
16     4.721      1903      13.67      0.78
17     4.727      2053      14.33      0.7758
18     4.734      1914      24.75      1.736
19     4.387      1952      17.89      1.147
20     6.024      2037      12.22      0.505
21     5.393      1944      16.28      0.9293
22     5.034      1908      22.32      1.503
23     4.817      1905      12.56      0.6746
24     5.166      1921      15.66      0.906
25     5.117      2039      10.62      0.448
26     4.087      2098      11      0.5469
27     5.254      2090      31.75      2.103
28     5.778      1979      16.85      0.9283
29     4.65      1906      10.95      0.5482
30     4.948      2106      30.31      1.998
31     5.107      2010      16.76      0.9623
32     5.072      2018      16.73      0.9583
33     5.494      1934      12.09      0.5654
34     5.02      2162      14.34      0.715
35     5.656      1923      21.73      1.387
36     5.027      2106      14.32      0.7322
37     4.688      2081      20.53      1.262
38     5.17      1899      30.16      2.183
39     5.484      2127      27      1.678
40     3.978      1872      10.29      0.5597
41     5.215      2042      20.79      1.265
42     5.654      1933      20.51      1.275
43     4.639      2124      19.24      1.141
44     5.837      1802      27.47      1.992
45     4.749      2118      12.64      0.6181
46     4.686      1898      23.37      1.633
47     3.929      2048      10.69      0.5473
48     5.443      2136      14.4      0.6958
49     5.581      1967      34.48      2.438
50     5.613      2069      15.17      0.7662
51     4.999      1883      15.78      0.9494
52     5.363      2140      20.6      1.182
53     3.885      2023      34.71      2.528
54     4.824      1955      10.94      0.5191
55     4.864      2125      17.07      0.9528
56     5.379      2026      21.27      1.302
57     5.108      2107      22.4      1.362
58     4.471      1943      34.65      2.577
59     4.369      1748      11.13      0.6418
60     4.283      2209      31.85      2.07
61     4.48      1862      10.95      0.5767
62     5.018      2049      10.21      0.42
63     5.18      1845      13.57      0.7544
64     4.214      2127      17.19      1.012
65     5.388      2066      10.67      0.4243
66     5.847      2099      12.15      0.4979
67     3.981      2030      29.27      2.067
68     4.853      2121      14.49      0.7541
69     4.883      1932      10.62      0.4929
70     4.463      1905      17.23      1.112
71     4.675      1826      10.09      0.4921
72     4.524      1951      14.1      0.8145
73     5.146      1895      14.47      0.8164
74     5.314      2090      16.25      0.8681
75     5.365      1948      12.69      0.6237
76     5.029      1897      10.32      0.4624
77     4.582      2033      25.08      1.673
78     5.006      1961      27.12      1.871
79     4.603      1841      13.26      0.7803
80     4.599      2155      22.88      1.408
81     5.264      2070      24.15      1.514
82     4.224      1976      15.37      0.936
83     5.892      1931      24.74      1.62
84     5.404      2122      27.73      1.746
85     5.111      1910      17.64      1.088
86     4.536      1991      23.1      1.547
87     4.631      1871      18.86      1.262
88     5.086      2000      10.78      0.4721
89     5.525      2000      12.83      0.6061
90     5.756      1975      23.99      1.532
91     4.351      1899      18.78      1.26
92     5.489      1901      15.6      0.8827
93     4.828      1958      29.21      2.065
94     4.261      2039      20.77      1.343
95     5.664      2102      19.11      1.061
96     5.161      1947      25.65      1.746
97     4.975      2063      17.95      1.044
98     4.792      1996      23.9      1.588
99     5.413      2102      17.05      0.9186
100     5.134      2044      26.18      1.708
101     4.458      2039      14.06      0.7814
102     4.488      2083      13.58      0.7241
103     4.889      1976      21.94      1.432
104     4.322      2022      16.13      0.9688
105     5.575      2001      26.83      1.763
106     4.726      1894      20.93      1.419
107     4.312      2013      11.42      0.5861
108     4.35      1915      11.93      0.6567
109     5.364      1859      11.6      0.5564
110     5.321      2001      16.71      0.9443
111     5.018      2080      14.79      0.7795
112     5.234      1968      29.13      2.015
113     5.002      2111      11.82      0.5358
114     4.421      1973      19.62      1.278
115     5.424      1854      11.53      0.5461
116     4.525      1820      12.25      0.7037
117     5.238      2011      12.98      0.639
118     5.121      1825      16.55      1.039
119     4.242      2051      20.43      1.31
120     4.133      2063      14.96      0.8705
121     5.056      1861      10.51      0.4857
122     4.999      2037      14.61      0.783
123     5.205      1934      15.75      0.9043
124     4.229      1875      11.95      0.6829
125     4.837      1877      13.6      0.7744
126     5.708      2065      16.1      0.8346
127     5.288      2155      21.67      1.261
128     5.202      1946      12.52      0.6241
129     6.158      1956      11.88      0.4856
130     5.572      1964      14      0.7123
131     4.871      2236      27.14      1.652
132     4.638      2001      10.68      0.5007
133     4.765      2004      28.31      1.949
134     4.963      2064      11.18      0.4997
135     5.569      1950      10.44      0.4145
136     4.14      1824      23.51      1.761
137     4.694      2171      26.95      1.701
138     4.484      1832      29.63      2.277
139     4.776      2104      22.92      1.431
140     5.221      2063      19.49      1.147
141     4.624      2069      16.17      0.9255
142     4.654      2089      18.25      1.08
143     5.933      2028      12.78      0.5604
144     4.721      2222      15.55      0.8087
145     5.02      1970      14.1      0.7651
146     4.685      1735      23.98      1.845
147     5.452      2105      13.57      0.6398
148     4.656      1921      26.62      1.896
149     5.744      2030      25.55      1.619
150     4.387      2009      26.97      1.865
151     4.684      2011      19.21      1.198
152     5.977      2122      17.9      0.9322
153     5.819      2161      17.99      0.9343
154     5.821      1934      22.87      1.462
155     3.771      2079      29.09      2.02
156     4.822      1847      11.37      0.5879
157     4.883      1879      36.73      2.812
158     5.263      1912      11.79      0.5664
159     6.183      2128      28.66      1.752
160     5.445      1916      14.52      0.7857
161     4.687      1997      13.31      0.7159
162     4.379      2019      13.68      0.7646
163     4.353      2020      24.02      1.616
164     5.191      2028      31.17      2.126
165     5.591      2152      17.21      0.8953
166     4.407      1988      18.24      1.155
167     5.349      2031      10.18      0.3949
168     5.39      2155      16.16      0.8286
169     5.469      1932      30.46      2.146
170     4.655      1964      11.85      0.6078
171     5.797      1928      23.98      1.564
172     5.827      1911      20.37      1.262
173     4.856      1794      16.95      1.118
174     5.282      2001      10.7      0.4494
175     4.63      2014      37.47      2.706
176     5.037      2044      29.08      1.951
177     5.502      2047      15.69      0.8257
178     4.407      2167      24.98      1.574
179     5.229      2087      12.24      0.5571
180     3.996      1938      11.28      0.6237
181     4.604      1970      20.95      1.376
182     5.083      1957      11.83      0.5725
183     5.414      2024      31.79      2.162
184     5.883      2060      14.9      0.7265
185     5.821      1953      21.5      1.332
186     4.477      2109      10.63      0.4837
187     4.523      1931      10.53      0.5157
188     4.215      1985      29.51      2.114
189     4.072      2032      39.17      2.866
190     6.349      2033      16.07      0.7932
191     4.653      1976      12.65      0.6715
192     4.904      1877      14.38      0.8376
193     5.39      1945      24.77      1.653
194     5.558      2026      22.15      1.359
195     4.764      1941      13.1      0.7119
196     5.641      1974      32.5      2.257
197     4.956      2027      20.59      1.28
198     4.624      1827      18.65      1.274
199     5.027      1907      21.58      1.44
200     5.464      1832      14.8      0.8453
201     4.644      1962      22.95      1.548
202     4.438      2039      10.98      0.5321
203     4.823      2019      15.67      0.8917
204     5.451      1893      38.58      2.904
205     5.076      1985      12.9      0.6542
206     4.453      1996      12.03      0.6293
207     4.954      2105      30.82      2.039
208     6.126      2124      12.69      0.5129
209     5.298      2047      13.18      0.6391
210     4.759      2058      18.73      1.126
211     5.971      2179      22.95      1.292
212     5.202      1884      11.37      0.543
213     4.439      1894      15.85      0.9997
214     5.425      2113      11.45      0.4728
215     5.874      2048      19.81      1.129
216     4.913      1954      10.5      0.4743
217     5.023      2109      17.18      0.9562
218     4.979      2003      13.99      0.7465
219     5.302      2078      11.26      0.4759
220     4.744      1969      17.75      1.095
221     5.758      1921      18.18      1.072
222     4.275      1961      13.53      0.7833
223     4.814      1985      13.82      0.7523
224     5.109      1974      25.07      1.677
225     4.725      1898      23.24      1.619
226     5.337      1896      12.17      0.5979
227     4.7      2187      10.43      0.4349
228     4.316      2093      11.27      0.5513
229     4.483      2038      12.67      0.6661
230     5.479      2036      17.82      1.006
231     5.122      1905      10.29      0.4497
232     5.766      2011      19.53      1.136
233     4.993      2122      11.87      0.5373
234     4.482      1919      11.6      0.6155
235     4.96      1943      10.13      0.4414
236     5.136      2071      25.16      1.604
237     4.76      2146      20.56      1.222
238     4.419      2023      38.08      2.76
239     5.689      1957      12.24      0.5552
240     4.872      2055      15.03      0.8198
241     5.766      1999      28.21      1.863
242     4.926      2047      10.33      0.4376
243     5.175      1997      38.09      2.734
244     6.258      2016      26.35      1.653
245     5.088      1947      25.59      1.747
246     5.159      2010      13.41      0.6812
247     4.651      1899      19.24      1.274
248     4.985      2010      10.49      0.454
249     4.668      1902      14.59      0.8656
250     5.343      1934      20.74      1.321
251     5.347      1898      25.62      1.772
252     5.018      2005      11.93      0.572
253     5.191      2146      18.03      0.9927
254     5.388      2135      19.67      1.11
255     5.418      1861      10.51      0.4539
256     5.385      1852      15.44      0.9008
257     5.323      2051      25.97      1.67
258     4.311      1982      21.43      1.433
259     5.211      2002      16.72      0.9535
260     4.864      1880      17.04      1.074
261     5.035      2058      11.74      0.5408
262     4.441      1947      15.09      0.9071
263     5.242      2027      28.01      1.863
264     5.36      1886      17.87      1.1
265     4.37      1889      15.59      0.9853
266     5.71      2103      17.28      0.9123
267     5.007      2016      10.8      0.4771
268     4.883      2011      13.26      0.6915
269     5.734      1921      22.53      1.451
270     5.096      2085      24.9      1.576
271     4.033      2094      22.02      1.425
272     4.616      2069      16.54      0.9561
273     4.481      2068      13.53      0.7259
274     5.143      1891      13.2      0.7067
275     5.278      2062      17.06      0.9476
276     5.531      2002      19.02      1.118
277     5.162      2031      11.63      0.5283
278     4.813      2029      16.53      0.9583
279     4.913      1987      15.69      0.9001
280     5.181      2058      10.47      0.4266
281     5.526      1898      14.37      0.7729
282     5.181      2041      18.22      1.06
283     4.185      1941      16.18      1.026
284     5.082      1973      14.8      0.8169
285     5.971      1885      13.81      0.6904
286     5.198      2032      12.02      0.5569
287     4.787      2124      17.97      1.03
288     4.675      2084      24.95      1.614
289     5.386      2095      34.64      2.317
290     5.535      1911      36.7      2.705
291     5.114      2286      27.07      1.594
292     5.356      1957      16.59      0.9528
293     4.486      2102      10.82      0.4997
294     5.086      1930      13.05      0.6847
295     4.85      2130      26.48      1.685
296     4.239      1914      28.62      2.114
297     5.408      1995      20.86      1.285
298     4.78      2109      29.33      1.931
299     5.004      1894      12.41      0.6486
300     4.696      2006      12.57      0.6511
301     5.581      2042      19.58      1.137
302     4.178      2121      13.91      0.7613
303     4.461      2054      13.76      0.7511
304     5.065      2149      15.16      0.7793
305     4.276      1993      16.74      1.037
306     4.978      2071      19.21      1.14
307     4.378      2156      13.82      0.7265
308     5.376      2019      10.19      0.3956
309     4.99      2012      29.27      2.002
310     5.023      1851      13.03      0.7173
311     5.238      1912      24.37      1.66
312     5.474      1762      15.75      0.9681
313     5.383      2090      13.13      0.6147
314     4.769      2200      13.73      0.6756
315     3.954      2010      28.61      2.035
316     5.17      1948      13.53      0.7122
317     5.24      1878      14.36      0.8055
318     5.026      2114      12.91      0.6188
319     4.896      1912      14.67      0.8478
320     5.462      2003      35.95      2.525
321     4.834      2013      18.84      1.154
322     5.124      1959      26.66      1.824
323     4.968      2076      11.77      0.5438
324     5.42      1906      29.45      2.092
325     5.227      1925      19.51      1.231
326     5.129      2008      19.53      1.189
327     5.367      1986      12.84      0.6248
328     5.902      1848      16.04      0.9107
329     5.379      2030      13.48      0.6621
330     6.038      1931      11.87      0.5011
331     5.049      1996      35.79      2.555
332     5.114      2118      18.59      1.056
333     4.886      2003      26.07      1.754
334     4.682      2197      21.82      1.294
335     4.352      2036      34.12      2.426
336     5.725      2081      11.95      0.4959
337     4.265      1972      16.62      1.04
338     5.76      1873      13.81      0.7134
339     4.767      2030      15.55      0.8811
340     4.335      1825      13.29      0.8139
341     4.934      2091      10.49      0.4409
342     5.531      2018      36.49      2.545
343     5.534      1912      24.73      1.666
344     5.889      2039      14.46      0.6971
345     5.12      1992      11.38      0.5214
346     4.924      1880      21.71      1.481
347     4.851      2014      32.03      2.239
348     5.046      2075      12.17      0.5699
349     5.023      2174      17.61      0.9602
350     4.592      2010      19.15      1.202
351     5.285      2027      29.88      2.013
352     5.175      2086      17.55      0.9845
353     5.154      2022      11.99      0.5609
354     5.23      2020      14.36      0.7502
355     5.419      1979      12.61      0.6027
356     4.493      1873      11.65      0.6338
357     5.424      2022      13.09      0.6294
358     5.364      2157      21.21      1.219
359     5.867      1943      10.87      0.4269
360     4.961      1998      13.34      0.6959
361     4.604      1969      26.12      1.813
362     5.201      2128      20.61      1.201
363     5.178      2065      36.67      2.53
364     5.105      1847      10.39      0.4746
365     5.032      1859      31.68      2.379
366     5.776      2067      36.95      2.502
367     5.436      2140      30.68      1.957
368     4.35      2156      23.29      1.458
369     4.459      1962      11.11      0.5625
370     4.159      1946      10.41      0.5333
371     4.519      2025      14.86      0.8474
372     4.6      2014      11.57      0.5743
373     4.526      1957      12.57      0.6823
374     4.909      1998      10.31      0.4482
375     5.187      1989      13      0.6519
376     5.049      2202      27.35      1.68
377     4.782      1849      15.14      0.9294
378     4.747      1820      16.57      1.078
379     5.499      2151      30.55      1.932
380     5.227      2008      12.87      0.6315
381     5.101      1965      11.01      0.4985
382     4.324      2055      14.54      0.8248
383     4.734      2008      15.88      0.9211
384     5.235      2141      12.78      0.5847
385     5.331      2048      15.49      0.8232
386     5.471      1984      26.34      1.745
387     6.065      1949      15.16      0.7742
388     3.869      1852      19.51      1.401
389     4.506      2035      16.69      0.9933
390     4.985      1961      31.58      2.25
391     5.405      2028      30.85      2.081
392     3.801      2019      10.08      0.5158
393     4.918      2027      17.58      1.036
394     5.245      2108      20.62      1.21
395     5.485      2004      11.88      0.5294
396     5.91      1981      13.07      0.6
397     5.94      2040      27.68      1.768
398     4.64      2004      13.09      0.6997
399     5.266      1929      27.42      1.905
400     5.777      1969      32.2      2.227
401     4.669      1957      16.26      0.9826
402     4.699      2072      14.15      0.7572
403     5.627      2143      14.65      0.6986
404     5.176      1978      12.31      0.5978
405     4.547      2031      23.73      1.567
406     4.483      2126      15.14      0.8316
407     4.725      2002      10.97      0.5176
408     5.161      2073      33.29      2.251
409     4.824      1863      12.78      0.7089
410     5.015      2317      13.5      0.6073
411     5.054      2198      12.67      0.575
412     4.759      1968      14.6      0.8294
413     4.85      1995      29.17      2.022
414     5.166      2035      16.98      0.9631
415     5.216      1902      27.11      1.91
416     5.489      2021      24.05      1.524
417     5.173      1866      11.99      0.6064
418     4.202      1914      34.97      2.667
419     4.985      1960      11.31      0.5354
420     4.64      1806      13.17      0.7838
421     5.766      1976      27.94      1.862
422     5.293      2020      29.8      2.013
423     5.885      1978      10.07      0.351
424     5.062      2120      13.16      0.6338
425     5.198      1962      27.82      1.912
426     5.343      1926      21.48      1.39
427     5.162      2079      14.5      0.7447
428     5.192      2182      11.4      0.4721
429     5.139      1909      17.61      1.084
430     4.216      2203      27.95      1.787
431     5.621      1946      25.44      1.69
432     4.585      1890      17.12      1.1
433     4.373      1965      26.5      1.868
434     5.81      1976      13.37      0.6344
435     5      2003      31.24      2.173
436     4.478      1903      14.04      0.8339
437     4.529      2044      14.02      0.7702
438     5.328      1925      20.63      1.319
439     4.704      2102      22.15      1.377
440     5.782      2125      16.26      0.8176
441     5.445      2031      12.17      0.5497
442     5.162      2097      24.15      1.502
443     4.982      1924      20.81      1.365
444     5.549      1899      31.45      2.263
445     5.002      2012      33.37      2.339
446     5.509      2065      16.63      0.8937
447     5.066      1950      12.83      0.6605
448     5.834      2051      11.85      0.4866
449     4.088      2278      11.67      0.552
450     4.683      2010      10.02      0.4408
451     5.348      2236      22.11      1.244
452     4.717      1940      19.57      1.27
453     5.524      2092      39.87      2.723
454     4.921      1900      17.44      1.093
455     4.535      2028      13.89      0.765
456     5.204      1857      14.23      0.8061
457     4.703      2105      13.93      0.7273
458     5.221      1988      29.09      1.992
459     5.105      1851      19.74      1.312
460     4.586      2012      21.74      1.414
461     4.443      1952      17.65      1.123
462     4.844      1983      21.96      1.432
463     4.46      2032      33.44      2.366
464     5.291      2028      31.61      2.153
465     5.118      1963      10.29      0.4371
466     5.131      2028      30.51      2.076
467     5.524      2011      15.38      0.8135
468     5.023      1825      22.97      1.631
469     4.243      2170      16.21      0.9153
470     4.442      2071      14.5      0.8059
471     4.925      2080      29.94      1.995
472     4.616      2166      27.13      1.724
473     5.272      2108      23.28      1.417
474     5.723      2012      24.91      1.582
475     4.348      1949      15.5      0.9497
476     5.761      2141      14.78      0.6986
477     4.607      2042      12.01      0.6017
478     5.6      2133      26.04      1.59
479     4.765      2094      11.86      0.5619
480     4.709      2006      12.54      0.6476
481     5.147      2021      18.25      1.076
482     4.744      1942      19.35      1.247
483     4.95      2001      14.02      0.7517
484     4.444      2018      14.11      0.7947
485     4.802      2125      12.94      0.6357
486     5.112      1971      10.92      0.4886
487     4.165      1979      23.85      1.65
488     4.747      1847      17.46      1.142
489     5.124      2048      10.01      0.396
490     4.767      2047      28.66      1.936
491     4.815      2011      15.03      0.8426
492     5.234      2103      32.1      2.12
493     4.749      2090      13.6      0.7023
494     5.166      1967      20.53      1.296
495     4.881      2220      11.27      0.4772
496     4.936      1807      36.02      2.854
497     4.814      1947      28.16      1.99
498     5.234      2056      15.67      0.842
499     4.615      2061      13.24      0.6947
500     4.77      1870      10.4      0.499
-1
 total number generated = 822 total successes = 500
Seeds at end = 18549  10201  14505
