Poisson Deviates
Seeds at beginning = 1171  343  1322
       1      14
       2       2
       3       7
       4       9
       5      10
       6       5
       7       4
       8       4
       9       8
      10       6
      11      10
      12       5
      13       6
      14       8
      15      11
      16      14
      17       9
      18      12
      19       5
      20      10
      21       7
      22      12
      23       9
      24      12
      25       8
      26       8
      27      12
      28      10
      29       6
      30      12
      31       7
      32       5
      33      13
      34       5
      35       6
      36       5
      37      10
      38      11
      39      11
      40      15
      41      12
      42       8
      43      14
      44       5
      45      13
      46       7
      47       8
      48       2
      49       8
      50       6
      51      14
      52       9
      53       7
      54       4
      55       9
      56       7
      57       4
      58       6
      59       5
      60       9
      61       8
      62      12
      63       9
      64      10
      65       5
      66      12
      67      12
      68       7
      69       3
      70      14
      71       8
      72      10
      73       6
      74       8
      75       4
      76       7
      77       8
      78       7
      79       9
      80       6
      81       9
      82       8
      83       6
      84      10
      85      10
      86       6
      87      10
      88       9
      89       5
      90       5
      91       8
      92       7
      93      12
      94       7
      95       7
      96       3
      97       9
      98       5
      99      11
     100       8
     101       6
     102       8
     103       5
     104       6
     105       5
     106       5
     107       6
     108      10
     109       8
     110       7
     111       7
     112      11
     113      10
     114       5
     115       7
     116      10
     117       6
     118       6
     119      10
     120       8
     121      11
     122      11
     123       8
     124       7
     125       8
     126       7
     127       5
     128       5
     129       9
     130       6
     131       8
     132      15
     133       4
     134       7
     135       5
     136       7
     137       6
     138       5
     139      11
     140       8
     141      13
     142       8
     143       6
     144      12
     145       6
     146      11
     147       8
     148       6
     149       8
     150       6
     151       6
     152       9
     153       6
     154       5
     155       8
     156       8
     157      13
     158       9
     159       3
     160       8
     161      12
     162      12
     163       8
     164       9
     165      10
     166       8
     167      10
     168       8
     169       9
     170       6
     171       7
     172       9
     173      12
     174       6
     175      10
     176       5
     177       8
     178       7
     179       6
     180       3
     181       8
     182       7
     183       4
     184      10
     185      16
     186      10
     187      12
     188       8
     189      14
     190       7
     191      10
     192       7
     193       8
     194       7
     195       8
     196       6
     197       8
     198       7
     199       7
     200      17
Seeds at end = 15919  7901  6324
